Binary, decibels, 8-bit DAC value:
Scaling: 8.0638079318587358725642596157826
15, 31.622777 = 255 (1111 1111), 1111
14, 25.118864 = 203 (1100 1011), 1110
13, 19.952623 = 161 (1010 0001), 1101
12, 15.848932 = 128 (1000 0000), 1100
11, 12.589254 = 102 (0110 0110), 1011
10, 10 = 81         (0101 0001), 1010
9, 7.943282 = 64    (0100 0000), 1001
8, 6.309573 = 51    (0011 0011), 1000
7, 5.011872 = 40    (0010 1000), 0111
6, 3.981072 = 32    (0010 0000), 0110
5, 3.162278 = 26    (0001 1010), 0101
4, 2.511886 = 20    (0001 0100), 0100
3, 1.995262 = 16    (0001 0000), 0011
2, 1.584893 = 13    (0000 1101), 0010
1, 1.258925 = 10    (0000 1010), 0001
0, 1 = 8            (0000 1000), 0000